10
3 5
7 4 8 6 8 
3 10 0 1 7 
6 6 6 9 1 
4 5
10 0 1 3 2 
7 2 9 8 3 
6 9 2 3 9 
4 7 0 9 1 
5 5
1 10 1 9 0 
5 6 9 1 4 
8 4 0 2 7 
0 2 9 10 0 
6 9 3 0 2 
5 10
19 4 16 18 12 3 10 5 5 8 
16 8 3 1 9 13 4 17 12 10 
16 6 1 10 12 2 9 12 7 2 
9 3 18 2 17 4 20 9 0 10 
2 13 17 13 9 5 13 10 14 17 
10 10
20 20 10 16 6 14 2 12 17 11 
10 16 9 17 3 7 2 6 17 7 
2 16 8 12 11 15 1 8 0 16 
14 15 19 0 19 14 7 10 20 6 
17 8 0 6 20 20 8 19 5 4 
5 20 7 3 17 18 16 6 6 13 
0 13 16 20 19 5 2 15 9 14 
13 7 12 14 0 5 20 5 2 2 
20 7 1 2 6 6 8 3 19 16 
3 1 0 8 10 3 0 10 4 15 
20 20
13 17 14 7 18 4 20 11 20 17 6 19 5 12 19 3 13 18 15 12 
7 20 17 9 19 2 6 2 0 0 11 19 13 6 18 18 11 1 4 14 
18 5 8 18 17 7 16 19 2 7 5 20 16 8 12 0 9 1 8 17 
8 1 0 15 7 5 14 8 19 8 15 2 9 18 14 15 8 1 12 9 
12 10 15 17 19 9 13 9 2 18 6 5 6 15 3 10 2 7 14 18 
20 0 14 16 7 5 8 14 8 10 9 1 4 15 0 2 4 9 4 20 
9 16 13 10 4 18 9 5 6 8 3 9 7 10 13 15 14 6 5 14 
10 13 2 6 12 5 10 14 6 18 14 5 7 7 12 0 13 4 16 7 
20 13 9 13 16 9 10 19 4 19 9 13 5 17 13 13 9 11 12 3 
8 4 9 17 9 15 13 6 8 2 14 18 9 1 4 20 11 0 15 15 
12 4 17 6 11 7 3 17 2 17 5 14 3 5 10 2 12 9 2 17 
7 7 4 20 10 13 14 14 6 18 4 18 14 20 15 1 8 4 0 5 
9 8 14 11 15 17 20 18 3 12 9 7 13 4 6 10 16 11 17 11 
4 15 1 19 18 2 7 2 14 5 18 11 13 14 10 10 13 19 1 4 
4 13 13 15 4 1 4 1 9 14 17 3 2 10 9 17 13 5 0 10 
0 7 17 14 5 1 13 11 4 6 10 18 20 5 14 15 20 9 3 0 
16 20 12 6 19 1 7 8 15 16 4 19 10 15 5 2 6 11 19 17 
7 11 5 7 17 18 18 1 7 6 11 20 0 2 7 10 17 16 17 10 
13 8 11 11 19 8 19 20 6 2 10 18 3 7 13 13 13 16 7 12 
0 9 7 0 11 20 11 4 17 9 14 17 17 8 11 17 16 0 8 8 
20 50
47 13 11 9 44 18 20 4 48 28 2 42 28 42 13 16 48 21 33 13 38 38 2 19 13 39 0 35 26 5 5 17 14 44 15 21 15 38 46 47 21 12 43 11 37 27 38 50 43 17 
40 35 20 45 50 44 7 10 29 17 42 5 35 27 13 34 38 28 20 50 8 32 8 36 35 41 43 16 12 3 24 36 21 13 17 4 41 40 15 23 19 30 7 30 39 31 20 3 4 37 
17 37 14 20 7 29 46 37 28 45 36 30 44 49 16 38 42 12 28 33 23 22 16 26 23 12 29 4 38 28 44 45 49 29 12 22 17 27 20 22 10 42 28 5 1 35 17 11 16 30 
7 46 40 11 16 46 47 2 5 25 41 40 11 10 17 46 18 25 34 27 6 6 43 6 24 33 48 6 47 24 50 12 13 3 48 26 45 43 25 50 13 20 2 30 20 33 37 5 10 17 
1 2 33 37 11 5 23 40 27 32 4 31 35 38 48 32 0 32 31 33 39 16 33 46 40 46 8 46 30 19 40 11 34 13 31 50 15 29 44 32 33 11 21 24 50 27 4 31 3 5 
9 23 26 40 42 29 23 14 22 25 7 17 18 21 48 24 10 20 10 8 20 38 32 27 4 36 34 46 17 30 3 26 18 6 40 50 33 1 40 24 7 9 9 0 2 38 27 32 38 35 
43 21 26 15 12 21 42 34 36 27 13 3 50 33 48 39 13 45 38 20 4 17 43 48 42 12 38 1 5 41 4 46 12 14 28 43 12 12 50 0 39 2 35 8 11 21 44 17 19 43 
7 40 27 18 8 29 44 19 14 28 42 12 9 42 10 27 11 6 39 4 48 33 37 22 15 23 33 43 31 23 13 35 7 46 15 35 38 31 13 3 35 10 39 15 2 25 34 48 22 36 
25 10 36 14 10 27 4 2 30 32 37 5 35 1 46 19 49 32 20 20 36 43 47 17 24 25 40 37 41 29 4 43 0 21 41 16 22 31 21 2 39 6 43 22 38 21 20 21 7 5 
23 50 4 12 11 42 47 24 4 32 2 46 37 9 42 37 46 0 23 18 22 4 22 38 11 22 7 15 22 36 42 7 44 11 0 3 34 29 29 26 10 0 21 19 21 48 23 40 11 41 
22 39 32 43 39 7 32 43 40 25 34 50 0 26 5 36 38 28 9 24 42 2 23 27 11 12 21 19 19 44 1 23 14 17 17 49 18 27 23 32 42 13 28 24 30 0 14 44 40 17 
23 23 26 7 15 1 22 7 17 10 49 45 36 50 3 17 10 32 42 18 33 5 31 34 44 46 50 32 28 41 19 48 30 48 49 26 10 34 13 7 8 8 28 19 10 7 32 25 34 27 
9 30 12 12 34 37 12 3 50 1 7 21 20 15 23 22 21 1 37 18 30 36 9 2 25 3 3 24 49 48 3 21 46 49 17 44 38 18 32 37 45 23 44 20 48 34 14 44 30 33 
28 39 26 34 50 33 27 40 18 40 14 34 1 0 21 37 33 27 41 40 16 35 22 41 7 8 43 15 4 38 9 1 19 18 16 12 1 14 19 1 16 8 50 2 26 0 33 18 47 28 
24 38 19 13 43 33 22 22 5 11 14 2 12 21 26 16 2 3 28 11 10 45 8 47 35 18 15 36 47 49 25 2 31 39 38 39 36 9 14 35 22 22 27 41 20 38 18 6 17 32 
10 17 32 33 13 10 12 14 1 45 2 40 15 17 15 16 12 28 9 37 42 7 14 41 47 29 32 30 18 1 33 17 19 24 37 10 27 41 6 19 5 17 38 33 18 28 38 12 44 49 
13 39 15 16 37 3 38 18 23 31 29 1 5 25 16 0 1 4 23 47 3 29 17 17 39 6 36 5 24 39 31 46 50 46 21 48 6 46 12 13 39 33 5 44 50 14 5 39 0 50 
32 48 1 12 16 12 11 42 28 6 31 27 8 12 41 45 6 5 26 16 20 43 50 35 32 32 15 37 34 11 30 38 9 1 5 6 23 45 37 29 5 27 1 27 7 44 32 31 16 2 
30 13 28 37 21 44 49 4 41 43 38 38 36 40 44 4 33 41 26 6 44 41 34 1 41 10 47 37 16 6 27 44 42 27 20 25 44 20 23 41 21 24 45 13 7 14 49 16 35 41 
5 15 8 4 32 27 37 16 12 37 34 30 18 18 17 18 22 14 29 35 1 32 12 18 25 37 12 46 46 35 50 28 31 16 2 7 50 14 39 30 33 19 25 16 50 8 50 41 49 12 
30 60
11 16 7 8 6 32 40 6 35 4 32 23 48 16 40 30 49 42 40 38 5 3 3 4 25 15 33 5 15 20 7 0 49 21 49 37 30 15 16 44 12 17 34 5 13 16 36 1 14 8 6 35 31 39 8 18 18 4 10 16 
27 1 24 14 21 17 31 25 45 41 24 25 26 16 8 43 38 30 39 27 43 13 37 31 45 0 25 35 9 48 27 10 31 47 14 38 31 1 42 18 48 48 22 1 32 44 42 38 49 5 35 5 47 46 19 15 37 28 23 5 
29 38 8 47 12 13 8 6 4 4 24 49 46 21 39 47 33 20 20 30 9 38 0 7 37 1 47 39 6 28 35 6 28 25 33 19 38 5 31 30 40 39 45 13 6 15 15 14 3 26 14 22 17 13 6 10 25 35 42 19 
14 2 40 40 7 45 31 39 10 45 48 21 5 47 31 45 8 29 38 6 44 23 19 4 31 13 13 36 42 30 4 33 29 21 29 9 12 35 40 27 43 48 37 18 22 31 32 18 37 6 31 27 49 29 10 32 18 14 22 11 
17 4 14 49 32 2 11 17 38 18 26 21 35 0 24 8 5 50 33 45 15 35 13 30 11 46 43 47 33 38 1 12 3 32 6 46 13 29 38 20 28 24 32 45 44 35 47 31 18 43 43 47 3 22 43 45 24 4 0 31 
14 50 36 16 26 44 16 43 48 32 50 48 47 13 30 11 38 25 36 2 23 7 25 39 17 20 20 2 50 20 20 2 34 8 27 25 6 29 38 48 47 9 7 30 5 3 23 19 22 15 38 12 28 48 50 22 11 50 37 10 
26 15 18 44 27 45 43 45 17 7 39 29 6 32 34 0 42 47 16 35 9 22 42 1 40 26 14 34 49 3 25 25 10 43 40 1 39 34 15 1 49 6 46 21 31 36 45 41 38 48 20 36 50 27 26 14 37 34 44 29 
26 41 10 5 10 39 34 34 47 43 21 28 43 10 10 20 13 31 50 36 24 47 23 10 2 8 38 16 23 23 44 47 30 17 7 34 32 20 3 13 41 8 27 29 13 35 40 12 4 44 21 19 28 41 16 40 37 42 13 29 
22 25 23 17 28 33 24 47 50 12 5 1 45 42 16 11 45 4 21 20 15 47 50 25 27 6 48 41 31 43 33 45 6 5 46 7 24 32 33 29 41 48 1 46 20 43 13 34 21 24 44 5 17 31 42 15 45 6 41 17 
27 23 16 10 20 9 27 23 33 1 0 16 26 14 30 8 10 35 34 28 0 6 26 43 43 32 48 1 2 31 26 40 24 40 50 22 32 42 15 7 2 28 8 21 1 8 35 16 46 7 11 29 10 20 16 45 8 5 3 46 
43 5 36 40 6 19 37 0 6 37 6 45 44 11 2 7 9 7 40 6 16 21 18 22 26 44 40 38 41 2 19 12 33 37 8 38 45 32 47 46 7 13 6 3 0 25 48 11 41 21 19 6 21 8 19 41 24 34 29 38 
2 17 14 39 38 11 8 43 44 42 15 4 44 20 48 19 29 10 26 50 8 43 5 31 24 44 22 25 25 32 43 47 17 13 28 15 45 2 31 0 21 36 45 27 50 13 16 11 42 30 32 10 23 46 6 10 43 45 0 34 
49 10 44 32 15 50 42 7 11 36 50 47 25 41 4 12 6 7 27 19 15 39 32 37 43 36 35 35 34 27 17 7 12 49 49 46 40 30 1 7 21 21 42 30 43 6 28 12 16 23 50 38 10 13 3 19 24 0 9 10 
38 23 4 8 31 9 31 33 46 26 20 6 4 0 40 12 45 1 19 4 7 38 7 31 46 22 18 25 46 37 0 29 31 37 8 27 16 10 13 50 43 31 2 22 13 23 2 19 37 12 45 39 26 11 2 49 3 4 40 48 
8 45 7 24 25 40 18 3 4 2 1 13 32 6 44 24 22 17 21 37 12 23 13 46 21 35 40 3 49 47 22 32 37 9 8 15 17 50 14 28 2 19 26 8 20 7 32 5 5 49 13 19 45 9 27 4 36 9 30 48 
7 1 9 47 2 21 13 34 11 29 42 18 43 50 1 5 0 37 20 39 33 35 25 5 49 43 1 17 37 38 36 48 16 15 14 38 0 5 32 29 27 7 39 43 25 15 17 39 2 40 29 43 22 28 33 48 43 14 47 43 
12 35 0 31 20 7 16 28 21 40 4 35 39 10 36 18 2 22 42 30 15 4 20 15 39 38 43 13 37 35 12 35 27 45 22 38 1 15 33 38 31 13 1 48 36 9 28 15 24 28 26 41 11 16 20 29 48 3 38 7 
46 33 14 28 39 19 49 25 1 44 26 15 41 45 20 31 39 18 27 29 8 3 45 20 26 5 25 7 10 50 31 47 49 9 9 2 31 43 10 35 20 47 49 36 11 36 40 34 5 48 37 29 1 21 31 29 28 18 44 24 
8 30 12 39 32 8 49 20 9 32 41 50 23 17 19 22 24 45 39 18 27 24 27 38 44 41 20 46 21 25 30 29 24 6 5 27 18 43 22 12 50 8 2 12 29 48 23 25 11 11 3 11 34 47 34 3 50 24 26 6 
21 37 26 48 12 49 33 46 15 45 36 17 3 2 36 8 21 22 38 47 25 34 49 27 37 9 9 23 31 19 40 15 27 11 43 7 24 31 22 40 41 19 40 44 18 2 36 32 42 20 30 38 15 16 15 19 9 50 49 46 
47 2 36 11 49 24 30 35 35 39 7 44 23 11 22 29 16 26 26 19 18 41 36 26 30 45 1 1 9 22 12 46 3 34 14 49 32 23 7 8 40 10 50 5 25 39 15 37 13 26 10 42 39 1 4 41 42 38 33 32 
30 5 1 25 32 7 4 20 31 48 34 32 10 18 38 11 46 38 42 30 28 34 19 11 50 41 4 9 43 48 13 50 1 20 10 8 34 46 15 5 37 34 8 35 39 42 42 10 43 39 40 22 22 40 14 2 36 42 20 15 
25 30 0 12 9 6 48 50 9 6 8 23 49 36 50 22 40 17 35 15 35 43 41 4 8 43 34 3 13 31 25 10 2 25 9 13 29 49 15 0 6 26 27 5 4 3 14 1 50 11 17 0 27 43 15 16 19 21 23 39 
37 5 10 29 36 30 28 10 20 27 5 39 45 26 41 22 22 30 29 28 6 1 46 32 32 30 2 25 13 10 28 50 45 30 11 1 34 49 30 25 25 17 27 20 43 7 23 31 10 4 34 10 16 43 4 11 50 12 32 23 
18 30 25 37 34 42 26 12 4 40 36 15 50 10 30 25 42 32 28 5 34 9 35 7 36 0 8 3 38 18 50 28 37 30 45 42 40 20 20 46 28 24 1 3 31 20 32 8 28 39 13 4 19 47 9 1 17 20 23 39 
18 20 17 34 44 43 20 44 31 40 1 10 4 24 7 26 21 5 16 2 15 2 38 0 28 14 46 6 38 32 21 9 19 38 15 35 10 32 41 36 36 19 18 42 10 48 14 31 2 43 31 15 34 3 43 31 31 2 26 4 
20 19 27 44 4 5 13 28 7 46 48 48 44 24 10 2 42 8 12 5 22 4 44 4 18 29 23 21 36 49 23 9 36 0 46 38 26 31 22 33 27 11 36 50 29 36 8 28 20 26 46 0 34 5 37 29 45 49 24 34 
34 7 2 7 29 50 34 48 43 15 21 48 35 14 30 48 1 8 11 6 38 6 10 3 28 32 7 25 16 13 50 46 2 29 44 37 16 22 30 45 50 29 3 44 18 22 10 37 5 14 34 2 34 6 34 44 4 41 21 27 
7 32 29 46 29 8 21 38 11 34 50 36 28 11 6 46 14 10 8 27 21 45 30 4 49 19 46 34 24 31 36 21 14 46 21 37 10 34 48 50 28 29 37 19 43 24 5 3 29 35 35 41 38 11 23 2 42 45 6 4 
7 46 24 20 5 27 41 10 30 41 28 38 23 34 16 29 19 19 47 16 19 10 31 37 5 19 26 38 47 38 29 47 35 0 50 13 25 5 4 47 29 5 8 17 6 9 40 15 44 21 38 35 14 5 16 15 36 45 44 2 
50 100
22 31 67 12 17 12 25 64 4 91 37 29 19 64 78 59 30 89 93 42 55 91 52 42 10 47 84 13 83 27 58 26 19 35 41 69 36 28 80 63 92 45 55 27 52 31 91 16 43 27 50 69 12 83 79 47 54 91 77 63 12 45 73 81 98 16 4 4 27 70 54 29 90 32 0 82 58 63 41 48 27 33 35 17 85 26 21 76 42 3 91 38 71 89 15 64 100 58 75 60 
14 42 29 25 80 92 80 26 42 62 63 69 57 71 24 100 5 58 45 59 93 82 24 98 73 86 92 79 59 47 13 88 72 63 52 94 32 67 85 54 82 69 24 14 94 39 35 14 20 74 49 5 42 46 90 69 11 79 45 8 22 5 10 46 39 73 62 14 20 22 93 16 89 70 98 85 15 38 73 17 66 7 70 8 71 90 71 26 5 22 97 87 99 58 69 94 85 27 61 46 
34 99 37 81 75 45 66 76 91 61 68 26 95 49 92 51 94 27 51 73 41 97 30 56 74 9 92 58 54 9 3 85 95 10 65 15 15 88 31 47 91 50 23 28 37 13 20 42 54 77 86 41 1 64 95 9 60 37 66 73 8 11 61 64 86 23 81 89 85 3 61 12 2 35 98 98 5 88 24 25 86 6 99 53 66 87 32 21 50 40 81 71 57 68 29 83 91 5 31 44 
95 23 83 49 91 98 8 84 83 81 96 25 12 72 16 57 78 8 46 88 93 65 82 1 21 9 52 34 100 59 33 11 82 5 49 43 48 18 100 79 87 61 61 3 74 35 92 78 24 88 48 42 56 17 53 71 92 51 64 5 90 93 5 49 64 20 46 19 45 2 14 4 48 33 7 46 13 93 90 96 27 64 0 69 39 40 69 31 7 79 67 93 55 46 63 18 71 7 23 93 
11 30 24 57 35 5 91 87 18 87 22 50 5 90 69 47 58 22 28 64 68 32 82 86 35 66 36 24 83 32 96 6 94 56 59 30 98 20 56 71 69 67 96 27 32 29 43 80 5 44 46 36 47 90 51 68 76 45 71 1 80 28 69 79 69 86 17 38 40 80 56 95 74 13 49 39 6 89 47 75 59 33 50 91 61 44 65 91 9 10 82 71 90 1 55 82 21 25 42 80 
18 67 65 89 60 57 3 31 18 26 11 38 76 20 24 13 93 13 82 97 86 52 40 72 56 67 91 96 47 18 17 54 44 78 4 96 87 31 96 91 30 29 88 97 14 17 68 17 94 72 32 54 0 34 33 57 100 81 56 95 80 10 83 6 77 34 78 8 43 47 18 79 69 40 78 15 3 93 64 49 53 75 15 66 53 28 73 79 26 54 73 90 65 85 24 55 34 13 34 55 
25 35 78 29 2 96 75 94 96 8 83 83 42 49 65 29 46 52 61 96 50 13 37 73 99 24 10 74 72 91 60 31 42 0 7 92 20 92 50 14 71 61 20 83 41 34 18 52 70 71 94 35 39 77 8 15 20 6 79 85 10 81 79 27 36 99 31 59 40 90 69 96 43 18 45 96 72 5 94 49 33 27 0 69 58 8 13 67 74 11 12 21 56 40 59 11 12 44 64 40 
45 67 87 78 43 60 25 1 20 27 45 0 35 83 6 30 66 67 82 17 62 54 67 36 48 36 50 46 76 74 14 47 13 95 53 96 32 38 98 97 14 74 31 24 88 90 23 21 3 54 25 47 91 97 19 81 86 8 95 48 92 40 12 4 92 44 51 51 48 81 17 46 91 15 32 76 40 76 91 35 66 67 100 49 43 48 98 10 59 18 26 54 2 77 7 40 95 11 45 53 
58 78 49 5 23 39 22 89 10 31 7 91 2 14 45 64 88 67 50 37 70 43 57 53 23 74 58 40 18 8 3 19 49 100 30 45 71 67 67 78 54 96 96 40 69 7 89 57 26 45 45 45 61 98 61 86 73 59 25 63 97 25 29 18 39 73 41 51 0 35 22 52 26 39 80 20 93 64 55 87 7 92 3 65 97 84 81 14 0 6 56 98 31 24 5 86 75 19 3 53 
62 52 82 86 99 39 56 58 7 32 56 36 96 37 75 40 67 54 47 39 31 37 49 6 93 79 8 7 26 92 38 54 86 92 75 47 35 63 76 49 90 69 85 23 46 15 99 61 87 20 98 97 22 66 67 20 90 91 18 35 33 62 25 44 84 54 22 86 44 82 63 36 23 16 27 3 14 67 5 32 52 16 37 48 92 7 36 6 53 71 25 15 83 22 70 42 80 98 93 85 
6 89 10 78 32 15 17 0 76 63 76 31 27 35 30 90 70 71 3 1 41 73 92 16 8 28 80 69 36 75 79 100 81 49 11 89 6 59 67 86 79 25 1 22 15 7 9 55 12 55 68 55 94 90 95 57 60 22 1 92 37 82 64 42 41 9 75 87 79 69 25 55 48 21 1 86 41 76 24 59 44 50 13 53 60 55 55 67 64 98 56 3 38 96 38 84 65 16 91 5 
87 35 89 42 51 12 95 61 44 55 33 51 93 5 13 20 40 30 89 26 76 81 18 89 89 78 56 86 19 10 39 79 23 16 91 72 49 60 71 44 58 25 1 49 79 64 23 56 36 74 1 37 29 15 50 43 91 33 36 47 32 21 82 100 66 86 55 24 73 63 92 79 38 39 28 77 80 1 99 3 98 26 80 40 27 9 85 38 100 59 59 92 31 86 83 77 70 55 43 43 
31 23 5 90 56 74 50 70 33 99 23 80 86 100 60 53 9 3 81 75 70 67 14 91 94 27 89 19 16 46 51 80 49 34 12 82 73 76 7 11 54 26 37 75 2 30 53 91 88 100 43 84 48 27 26 27 100 20 33 96 10 39 66 97 10 36 2 98 22 60 6 10 29 60 39 92 59 11 68 33 48 19 2 96 62 1 9 35 86 29 35 32 41 99 68 4 33 60 78 58 
60 57 2 10 93 8 10 36 61 74 57 52 97 62 46 88 54 99 60 70 83 22 69 59 63 67 75 82 95 86 12 9 23 32 44 93 24 87 19 16 26 50 10 2 38 86 33 22 1 18 65 24 78 45 81 75 13 34 93 58 75 84 5 58 17 98 71 5 20 100 75 12 54 10 42 18 28 87 35 93 95 19 58 29 48 63 16 70 65 82 21 70 13 85 46 56 44 58 0 48 
54 87 31 92 25 82 26 11 22 4 83 64 74 31 13 37 46 59 50 60 92 94 85 22 27 54 62 68 58 34 1 41 27 3 69 95 87 73 15 47 80 29 75 60 35 63 80 95 99 93 11 64 17 34 9 68 63 91 68 21 8 56 63 44 20 43 24 17 25 5 43 99 63 98 26 51 56 23 0 16 5 44 46 90 91 97 16 72 98 13 20 40 57 82 37 50 83 86 6 5 
39 13 2 34 24 81 51 20 51 62 66 64 0 98 69 30 73 26 48 90 28 72 18 24 3 38 55 23 1 18 23 30 21 27 11 13 32 9 48 24 3 97 3 27 90 84 95 22 16 98 95 74 82 53 90 16 13 78 25 76 76 62 55 51 74 64 79 7 1 8 73 50 65 58 75 27 12 26 23 62 33 53 84 41 4 59 17 62 93 66 63 98 55 41 64 43 40 92 48 37 
50 77 94 13 25 89 79 70 68 96 54 4 38 17 46 3 86 73 57 92 15 36 64 6 32 27 43 97 73 79 69 48 86 90 82 32 53 72 61 95 1 53 1 62 49 14 24 51 21 78 6 10 78 7 68 10 60 28 27 47 18 75 58 77 89 99 46 71 76 60 49 22 19 20 49 49 18 53 77 99 51 7 62 52 60 51 43 43 40 56 94 90 38 89 36 86 73 49 42 76 
24 46 14 99 71 40 39 53 24 7 30 11 31 29 63 9 67 67 58 73 75 9 3 90 28 7 59 14 12 87 37 71 32 33 12 16 55 75 27 47 69 81 15 64 96 58 5 63 26 79 62 62 13 41 65 56 54 47 19 100 82 64 27 21 67 13 45 50 87 17 95 37 95 31 41 94 6 69 71 21 47 26 54 28 21 47 65 16 62 65 1 56 5 10 65 66 81 26 49 86 
68 55 25 69 53 99 67 93 60 14 83 97 66 14 11 5 54 58 50 98 23 29 24 20 7 3 15 32 92 2 99 26 64 78 72 7 78 38 29 3 55 53 94 57 41 33 2 42 13 67 69 87 91 92 56 26 18 81 59 31 56 64 58 74 70 66 90 4 84 27 15 91 6 77 25 17 13 72 45 65 17 57 96 26 85 45 45 85 25 0 35 50 86 47 86 37 57 49 72 54 
11 72 90 13 6 95 43 21 92 14 25 49 74 90 74 79 7 95 75 89 49 97 62 18 42 60 18 47 40 4 1 23 23 77 10 52 19 81 40 99 65 88 42 38 7 100 94 2 86 71 32 9 29 24 51 83 1 33 40 72 25 98 43 55 9 86 27 71 57 82 68 11 7 16 67 69 17 99 83 63 27 74 29 69 93 96 49 2 19 98 29 61 91 88 64 4 40 54 81 82 
18 81 3 5 12 78 14 2 34 48 59 37 66 72 24 44 83 6 5 27 30 37 41 86 48 36 0 27 55 65 92 6 79 95 24 2 89 78 94 92 66 100 65 62 57 92 70 72 90 66 28 78 40 35 69 24 12 99 2 28 85 70 30 17 100 57 80 67 95 34 94 57 91 8 59 33 28 10 39 48 94 17 51 91 79 44 8 66 58 30 35 38 19 77 45 67 36 23 31 35 
44 90 51 26 77 21 68 47 54 49 12 25 91 41 64 33 13 54 37 94 62 68 19 31 83 89 89 75 12 66 43 91 46 15 37 36 55 88 65 15 11 54 4 72 80 33 29 58 81 1 66 12 48 51 4 0 84 8 38 68 2 34 18 29 18 35 61 17 87 38 62 53 69 53 65 46 38 68 65 64 96 58 56 78 30 67 97 83 40 64 18 39 11 84 60 6 20 14 78 38 
5 3 14 31 63 32 81 31 82 22 4 50 1 67 3 70 52 5 13 84 65 67 32 73 74 16 73 37 76 17 68 31 38 21 94 81 14 2 42 4 37 68 94 88 6 83 83 91 31 81 35 15 25 72 32 24 1 82 47 80 94 91 72 84 68 5 52 47 66 44 7 21 16 19 6 51 16 89 31 37 48 66 64 1 42 85 64 39 79 50 25 65 60 5 96 57 69 33 89 22 
42 63 95 62 18 42 17 71 46 90 95 40 42 82 62 57 45 11 51 58 80 24 70 83 77 36 51 85 31 69 72 68 80 21 46 57 93 92 57 24 92 95 38 1 41 40 47 22 46 26 8 86 25 25 96 67 81 4 30 3 35 14 39 36 66 76 96 46 45 70 97 74 33 3 92 26 32 0 79 41 69 44 1 12 52 81 2 23 91 22 73 18 20 31 87 62 87 72 81 76 
28 29 40 12 16 76 35 76 52 12 90 59 44 35 60 72 87 8 36 61 37 38 53 72 17 15 69 13 79 5 50 61 44 53 30 62 69 95 97 72 81 18 10 37 2 83 77 70 15 74 54 88 45 73 26 85 70 23 22 30 92 73 15 7 7 88 67 77 43 2 69 92 72 20 72 94 66 8 23 2 15 89 100 88 95 12 51 16 14 32 27 55 9 51 19 90 81 13 5 97 
73 33 65 19 11 11 17 36 71 46 18 91 77 14 12 85 60 15 10 60 47 82 36 43 31 33 46 88 16 57 20 4 60 23 49 4 35 63 62 14 92 45 4 49 40 46 96 66 40 52 48 36 64 14 27 53 94 78 10 94 83 96 64 88 45 34 18 91 48 5 79 8 68 77 75 14 32 83 73 87 46 31 16 0 55 95 22 2 55 72 78 34 38 50 23 58 78 53 65 1 
33 19 98 14 81 98 53 17 56 14 31 49 39 62 30 87 66 47 71 66 2 71 94 88 57 79 80 64 4 35 57 86 3 76 87 88 76 5 74 57 45 35 23 14 37 91 42 25 49 43 37 77 44 55 51 98 3 100 3 23 27 96 27 39 2 90 48 97 27 53 32 23 49 16 4 0 36 67 35 69 0 92 86 72 29 7 65 45 89 21 50 68 96 84 15 71 23 16 79 100 
44 32 78 44 54 48 14 41 74 31 78 48 77 58 6 13 16 2 70 35 97 31 28 19 74 8 83 49 74 11 6 84 47 77 91 27 15 54 36 16 96 71 38 91 80 89 5 98 46 74 52 80 42 32 6 27 51 15 38 0 9 34 100 23 41 76 1 49 23 93 35 76 89 9 22 89 61 32 44 35 39 80 17 100 2 20 81 30 96 97 85 43 29 24 28 78 66 0 79 91 
84 82 67 15 62 43 73 86 72 88 12 9 44 92 49 9 45 25 46 96 57 35 2 86 52 24 32 40 30 35 21 99 93 33 81 3 93 77 23 2 37 41 87 48 31 62 68 5 6 37 26 79 56 31 79 8 26 24 64 15 11 89 12 73 5 46 16 96 42 88 29 32 47 73 41 79 97 2 85 62 61 24 45 48 92 37 65 26 64 4 35 84 24 85 95 65 24 83 38 76 
6 34 21 11 74 79 94 61 18 3 49 91 83 58 52 91 45 3 76 45 77 39 70 100 65 73 33 90 10 26 26 17 38 88 29 62 26 64 31 40 97 14 98 41 63 15 100 36 9 22 48 99 80 59 77 13 86 68 40 74 16 76 17 79 84 31 8 26 15 19 0 34 59 78 64 85 25 7 65 88 59 84 66 98 37 76 96 9 87 16 11 48 95 11 17 36 58 90 17 41 
12 44 60 51 57 83 15 74 69 93 85 35 18 74 51 92 57 61 61 87 83 17 30 99 73 13 92 65 57 84 40 24 32 56 53 81 81 53 10 67 10 20 8 54 99 20 59 65 20 63 53 47 70 8 31 18 43 12 74 71 1 19 16 15 40 64 66 47 86 73 45 78 53 43 55 96 17 50 96 26 42 94 67 5 66 29 26 66 36 29 70 76 81 71 92 48 57 64 0 2 
100 48 94 11 33 7 45 53 17 28 0 34 40 52 23 93 17 57 65 50 7 32 28 60 79 81 59 94 10 62 85 43 84 12 47 68 34 47 28 94 41 32 95 59 92 31 100 73 61 25 43 92 25 36 83 6 32 64 33 89 71 38 46 24 85 71 51 68 56 59 6 26 92 11 1 62 65 71 89 93 80 93 51 15 4 37 66 24 75 0 80 64 59 46 40 17 13 38 71 61 
86 60 58 81 31 81 70 100 85 58 40 45 17 1 56 14 22 0 40 100 65 100 98 31 8 6 25 94 53 55 90 97 29 30 12 82 43 84 52 36 38 26 73 39 16 38 63 76 100 73 64 3 70 25 67 94 44 56 82 84 78 33 45 40 25 94 19 31 52 75 22 46 46 47 77 26 16 37 24 96 4 91 14 7 55 37 27 22 94 9 97 34 31 53 4 91 29 12 94 16 
3 94 5 69 86 92 0 78 66 22 84 90 8 50 50 29 95 94 43 25 88 98 78 79 82 64 20 98 84 5 9 99 15 76 73 79 98 25 5 17 52 71 65 72 99 85 73 15 57 25 70 48 60 75 40 36 79 40 45 22 95 72 12 81 84 56 20 34 65 15 9 89 30 12 42 63 39 28 57 43 69 98 54 71 91 56 77 58 97 71 12 74 11 73 61 56 30 21 78 28 
65 23 15 21 50 37 7 49 23 39 90 75 4 22 23 100 76 44 71 24 78 27 49 29 43 0 13 30 58 75 95 45 88 41 69 75 16 83 64 68 21 61 71 62 38 61 65 74 45 35 47 15 2 77 73 15 48 42 13 56 50 56 16 84 26 25 44 51 16 33 1 21 20 89 15 72 38 21 78 17 45 88 26 59 32 88 80 84 85 98 47 13 4 64 18 33 10 63 15 14 
72 53 79 8 51 94 9 72 10 46 20 45 53 78 93 51 85 24 73 65 59 92 42 73 99 76 88 78 96 91 39 99 76 79 73 50 50 34 39 59 3 82 32 38 21 59 51 94 25 33 76 81 80 7 13 74 89 72 14 67 59 51 17 69 90 56 26 58 57 50 73 61 29 22 44 28 93 46 26 1 79 76 63 24 15 66 1 60 15 26 13 88 6 74 81 76 22 72 29 72 
55 53 69 78 43 51 78 58 9 74 96 90 60 38 43 35 24 44 18 30 87 70 59 64 78 27 56 15 86 56 22 9 91 77 23 11 61 92 35 32 21 9 52 35 56 76 60 22 24 44 65 90 35 1 50 57 72 80 15 87 82 33 10 93 98 14 79 23 44 77 69 11 21 84 3 72 75 13 63 85 93 40 94 12 76 5 76 94 34 50 57 0 98 40 5 45 82 40 3 44 
48 82 5 4 62 45 84 33 9 44 25 62 84 28 88 16 45 5 19 8 27 2 24 31 15 73 53 51 73 41 79 38 50 21 83 42 1 5 70 72 75 33 11 59 25 64 59 38 65 36 55 88 44 39 13 5 28 62 93 16 26 86 88 55 56 96 56 52 29 23 24 52 10 68 20 72 89 40 32 14 21 74 79 84 84 62 67 13 38 54 99 18 89 89 99 75 93 28 31 83 
64 48 52 29 84 51 58 95 95 6 1 95 42 23 50 58 17 10 24 88 29 64 80 37 9 24 19 63 72 59 51 21 1 63 43 28 97 66 51 70 23 81 6 78 64 55 49 63 34 40 69 91 54 75 96 22 41 91 91 18 27 93 49 33 54 71 88 33 20 55 20 6 56 66 27 45 17 25 6 35 56 28 97 28 59 55 39 57 83 2 62 9 17 19 94 78 23 93 89 30 
51 83 34 24 7 29 88 96 92 43 87 90 35 12 76 66 90 69 28 22 93 6 42 20 85 85 90 25 84 25 20 8 9 42 83 92 68 45 81 29 67 46 92 76 84 64 87 27 99 66 97 61 19 43 11 24 37 60 93 53 44 30 28 83 55 38 19 99 14 75 15 63 49 39 14 27 19 60 69 96 94 20 2 13 28 11 6 67 65 41 89 60 57 28 1 2 12 45 62 19 
27 43 69 56 69 56 39 11 60 68 31 10 21 19 82 41 72 92 33 94 39 84 5 70 50 47 11 99 34 19 79 18 49 52 78 54 69 83 31 78 58 2 52 72 94 18 90 100 8 20 12 10 100 21 58 57 85 89 32 38 54 73 85 29 66 64 35 22 86 91 59 10 95 26 11 35 63 44 91 25 12 15 24 36 67 60 42 17 79 62 6 14 27 45 63 90 55 62 60 22 
38 19 15 62 28 35 5 18 37 48 97 77 89 54 71 93 88 17 16 28 57 66 49 65 94 44 12 93 66 4 86 35 98 78 97 47 90 31 52 39 28 51 26 6 5 4 4 3 87 93 4 61 43 59 18 42 61 3 0 94 82 72 48 41 32 43 23 80 43 19 76 72 7 43 6 48 75 25 56 65 60 44 34 52 99 68 55 4 16 26 86 3 59 57 8 80 79 65 63 34 
69 26 23 9 68 27 84 13 68 24 15 60 41 8 58 32 10 89 59 63 72 71 30 37 72 37 85 63 96 58 20 98 94 96 0 44 40 44 26 52 5 13 31 57 73 38 88 70 100 11 42 48 23 36 65 22 83 90 67 33 82 22 48 3 92 5 72 85 83 36 37 50 52 80 78 1 39 10 3 11 93 47 31 91 89 33 80 46 75 83 0 62 61 100 20 13 37 81 70 40 
19 27 25 5 89 29 73 78 1 72 32 72 73 36 69 34 55 42 33 54 57 34 47 67 10 86 62 67 68 96 0 22 69 10 23 33 43 35 76 47 37 81 51 72 71 40 7 15 47 12 43 83 31 8 37 35 14 73 88 95 7 14 22 15 49 92 11 48 77 97 89 12 1 24 59 0 64 27 15 96 58 63 52 3 90 61 14 57 59 39 50 55 100 49 12 46 85 58 61 12 
36 82 86 95 89 11 2 38 45 53 76 84 18 94 50 72 95 38 82 69 34 15 35 98 74 14 3 61 100 11 68 26 32 28 9 12 47 67 22 91 99 23 41 57 71 63 5 78 42 46 54 32 74 17 23 81 67 50 11 59 68 22 88 13 4 41 5 61 35 83 80 99 52 91 64 42 96 98 36 77 47 71 18 59 62 72 29 29 72 65 51 46 76 87 0 92 40 0 89 64 
51 80 100 40 52 98 82 22 98 63 54 34 11 58 30 70 51 91 15 76 16 49 100 40 92 13 78 44 13 5 43 89 44 0 71 74 91 94 75 95 51 23 45 23 98 88 35 80 75 95 25 92 57 96 56 62 49 93 82 48 61 72 56 76 89 92 2 83 7 2 96 15 21 72 37 69 14 88 73 41 92 64 49 96 71 75 80 48 79 17 68 62 79 96 96 53 15 34 56 41 
99 11 65 30 32 23 58 61 30 77 29 84 72 73 1 62 64 33 99 79 23 15 72 35 94 76 77 77 2 24 9 61 54 54 63 26 45 21 16 97 60 90 3 66 93 52 57 27 32 35 55 6 3 87 77 29 52 2 83 93 56 86 21 22 20 41 95 8 100 8 1 84 8 28 64 46 75 57 58 84 62 96 38 87 69 42 44 12 44 12 25 75 36 51 88 9 3 47 55 80 
7 8 19 68 53 10 51 43 43 2 50 27 11 45 29 75 47 65 42 18 19 48 3 28 55 39 35 62 46 33 21 20 2 30 85 86 61 32 4 18 82 38 16 23 86 36 100 99 91 16 61 18 64 74 55 100 90 65 58 25 3 11 40 22 56 22 62 42 47 5 36 21 52 29 75 28 24 68 48 32 23 17 38 78 77 23 63 12 33 41 54 13 79 27 61 10 10 31 66 49 
96 67 70 76 57 8 34 80 93 1 87 6 60 57 48 71 4 58 51 60 83 79 32 88 21 87 89 36 87 15 30 27 15 66 89 44 7 37 98 96 36 33 27 24 28 19 1 79 97 96 17 51 34 17 89 79 97 30 70 27 18 46 96 35 40 33 1 69 56 29 89 75 73 47 22 78 81 76 57 50 62 45 11 41 81 75 0 8 3 45 82 10 90 63 83 25 54 2 74 74 
20 41 95 7 52 33 58 88 64 35 51 71 43 65 29 99 24 72 39 67 0 24 97 29 97 47 2 72 14 98 87 30 44 25 23 52 83 31 11 5 80 34 71 62 99 47 36 51 49 67 6 50 5 95 76 71 3 76 60 30 24 5 33 53 65 32 33 73 36 11 54 69 24 9 81 83 33 44 98 72 32 31 15 66 83 74 65 95 82 11 38 6 48 75 22 99 31 10 17 90 
100 100
71 51 35 58 5 32 39 57 56 100 6 63 53 4 96 26 87 96 9 62 90 28 68 72 79 30 18 44 63 37 60 27 92 61 7 60 70 93 52 62 76 34 27 70 39 99 75 100 32 62 24 94 46 82 17 35 46 30 71 4 28 11 26 76 35 12 95 71 86 46 3 40 95 45 24 99 72 91 68 57 47 44 40 67 28 29 89 87 36 80 28 31 49 4 85 22 100 11 77 50 
93 74 15 25 87 47 75 55 29 43 84 98 97 95 44 5 38 23 34 50 96 21 99 1 31 43 28 31 12 67 16 12 11 72 100 92 13 18 85 74 0 74 55 99 45 69 49 18 69 57 41 91 48 98 15 37 74 93 40 5 48 69 9 32 98 17 74 35 30 26 59 79 69 25 31 28 64 13 70 45 29 21 31 92 46 14 25 63 75 87 10 12 28 20 2 30 22 88 24 87 
18 89 18 53 74 12 71 26 37 21 93 98 49 18 6 78 33 86 78 88 27 62 50 73 18 62 76 97 35 54 82 61 80 98 66 49 46 15 96 79 26 22 73 91 100 9 31 7 97 11 47 98 46 46 64 29 2 23 34 81 10 91 71 51 48 21 92 22 45 43 48 98 68 5 66 96 74 34 48 20 29 57 67 48 18 70 48 16 54 85 99 34 6 50 53 98 88 49 14 75 
38 73 65 73 42 7 100 56 34 17 78 37 40 91 39 67 21 0 33 37 6 83 59 11 3 0 24 56 23 30 21 34 34 38 86 89 64 87 70 48 81 70 48 57 69 87 69 15 35 21 44 88 37 79 62 93 7 91 28 72 83 5 1 18 76 67 18 98 77 75 76 77 24 10 65 73 18 53 100 81 44 24 96 1 74 94 12 93 49 72 89 29 84 49 16 17 8 33 18 42 
58 81 41 91 16 57 69 59 34 45 62 97 88 31 84 78 56 39 44 52 97 31 23 33 60 98 94 20 25 2 89 5 44 63 93 11 31 42 6 55 82 66 58 68 90 86 51 66 17 18 43 58 74 69 37 87 35 78 20 36 89 43 57 49 75 83 83 4 66 37 48 64 12 21 62 33 52 47 78 39 92 94 15 12 11 12 77 10 49 7 86 13 86 3 54 57 23 80 77 95 
1 23 55 44 72 41 13 70 59 99 79 8 15 51 76 77 83 1 32 67 76 8 74 20 28 48 35 51 49 10 43 78 43 53 93 45 31 71 2 90 50 39 16 7 88 49 11 12 68 44 18 96 2 80 100 81 9 76 59 2 73 65 18 97 64 94 38 54 97 47 85 74 15 90 34 17 95 11 68 41 47 33 100 30 66 84 62 79 3 77 8 38 4 70 68 94 19 47 41 95 
77 41 0 50 57 100 9 47 26 79 3 97 48 71 75 16 5 70 19 98 53 89 71 32 71 68 43 40 100 75 6 2 40 84 80 17 15 74 83 26 76 82 46 18 71 18 91 60 48 38 96 84 25 7 11 97 31 80 94 98 10 63 99 74 89 87 34 78 40 100 2 80 96 44 83 2 23 88 75 22 97 34 78 49 25 57 89 68 18 30 100 40 35 10 19 74 53 75 19 90 
21 32 81 66 85 36 12 45 24 34 89 72 85 41 5 56 71 13 98 17 98 34 80 1 42 42 5 90 41 54 32 15 30 43 6 28 33 19 6 74 31 38 0 86 62 86 47 22 14 96 81 98 52 56 55 31 65 64 85 59 20 76 56 29 47 25 6 72 44 59 92 47 56 65 100 48 14 58 42 69 37 75 3 42 94 7 18 66 75 28 79 100 75 42 2 24 36 44 55 12 
26 54 23 49 32 89 25 10 98 69 17 45 41 7 34 31 71 88 59 71 58 79 30 54 63 55 8 24 43 76 4 30 79 67 44 57 50 100 52 62 58 46 38 88 13 61 82 61 45 49 55 14 35 18 89 100 63 98 44 35 93 38 14 100 0 78 92 29 6 69 89 70 89 8 73 93 50 75 29 14 12 31 80 52 53 17 94 51 96 69 31 69 78 1 65 19 10 100 94 2 
54 80 95 40 99 52 1 85 41 10 67 16 85 78 83 81 39 88 9 61 45 90 66 80 63 66 30 23 13 53 59 39 26 44 63 57 30 35 77 18 48 45 9 12 77 69 22 30 77 81 48 91 38 85 41 39 60 40 75 26 65 75 43 61 38 83 68 42 99 63 63 68 10 37 72 86 37 88 60 2 56 46 69 65 52 38 52 75 81 5 57 37 76 96 83 35 29 45 30 98 
52 31 84 29 81 1 97 13 44 8 99 43 22 32 56 77 20 15 50 87 88 80 13 86 64 33 74 1 64 49 65 63 56 27 76 80 62 78 73 82 94 53 24 70 2 26 84 97 81 25 13 51 11 40 85 30 47 12 11 100 75 82 64 100 6 85 1 21 69 34 25 28 13 90 56 47 5 15 20 36 3 26 76 86 95 73 93 29 34 92 76 28 46 55 70 63 76 87 26 16 
85 48 26 68 21 23 20 52 5 24 81 82 91 70 90 39 74 5 36 57 50 32 3 33 58 96 3 33 66 64 27 70 43 25 28 100 79 18 20 79 18 93 61 74 18 65 73 90 10 21 21 34 53 90 44 42 89 55 33 25 55 34 10 62 33 40 20 57 10 74 99 7 24 85 34 4 80 99 47 2 91 29 88 7 74 63 6 16 81 98 21 92 95 12 37 73 26 79 39 96 
40 36 83 50 32 65 81 74 72 64 59 72 26 50 12 0 33 89 24 46 62 70 95 9 56 70 72 84 28 12 12 68 29 42 59 5 85 49 15 46 79 44 13 81 51 46 63 35 55 76 78 8 37 75 100 3 54 56 61 92 60 21 36 4 21 92 26 42 97 96 88 39 3 70 31 85 27 32 44 95 67 42 85 97 27 97 47 10 63 26 7 96 80 58 79 14 25 59 40 34 
4 47 41 36 82 18 55 39 51 39 96 73 84 21 66 76 44 34 11 17 6 26 29 23 11 100 64 91 35 25 85 68 26 71 9 56 9 61 78 2 34 34 61 15 52 53 99 99 56 55 32 90 52 5 2 77 7 93 31 16 65 61 100 77 7 91 51 55 96 12 14 62 79 44 52 31 96 42 29 33 82 8 97 61 27 4 29 87 11 96 89 44 3 43 84 64 15 12 84 70 
87 82 39 79 2 74 40 85 38 63 20 6 96 57 42 71 50 98 11 86 79 52 48 73 84 80 18 79 100 11 50 75 85 81 98 12 58 89 21 44 23 30 59 48 66 18 27 84 10 78 80 79 93 14 56 30 43 86 28 42 34 18 40 22 86 11 92 42 54 32 82 46 82 46 22 13 73 7 61 86 32 2 65 2 14 51 97 18 6 9 9 65 18 4 79 90 55 70 93 32 
6 20 14 65 47 16 25 93 34 95 86 1 100 59 23 63 31 67 88 37 74 60 73 84 77 97 71 60 92 96 88 34 29 23 21 66 15 84 73 89 93 19 38 2 84 56 70 41 68 83 98 51 78 24 55 26 69 3 40 72 57 35 63 29 90 97 21 39 26 50 7 77 2 47 46 75 31 5 34 48 4 72 28 31 55 93 80 45 12 46 63 69 12 69 46 42 8 17 1 99 
10 96 75 78 70 11 15 96 66 12 59 68 15 50 19 4 55 61 12 42 76 17 77 60 67 24 96 0 99 22 52 65 71 17 90 15 9 62 1 20 37 28 100 84 43 99 45 1 65 59 17 76 36 76 97 51 32 19 65 3 31 29 0 68 44 77 10 39 64 83 40 45 76 52 27 10 11 57 84 21 40 7 18 4 56 21 91 25 23 91 53 9 84 69 52 32 83 11 94 89 
13 4 14 88 68 74 38 37 70 49 37 13 17 31 21 18 18 40 58 91 58 83 31 7 76 40 18 61 29 90 82 19 48 51 86 13 19 31 75 80 46 7 57 93 45 45 32 95 35 69 80 5 0 70 23 85 35 27 32 95 42 74 46 43 52 5 22 2 10 8 49 57 27 95 73 55 79 71 29 23 96 47 40 94 76 4 85 49 42 10 77 54 57 72 13 31 24 73 71 38 
94 83 42 2 3 95 18 3 17 4 90 0 17 93 47 74 96 87 70 91 62 68 83 41 39 42 26 13 42 30 56 73 58 78 95 53 81 51 52 50 64 62 75 92 97 96 15 86 91 6 3 2 94 76 90 93 85 43 53 22 65 23 8 37 5 8 15 45 29 31 23 44 24 35 49 49 42 1 34 66 25 16 23 24 52 39 13 26 53 58 62 4 76 67 96 56 86 49 73 88 
17 31 86 28 51 67 87 57 57 95 34 29 33 46 82 21 30 85 78 98 2 42 94 6 73 45 63 35 51 99 47 35 22 56 60 13 56 100 91 42 12 71 46 56 42 73 2 49 59 12 13 84 86 73 44 37 1 67 60 14 0 69 47 58 2 96 73 58 41 71 9 92 4 42 69 93 22 91 53 79 27 75 85 12 67 30 25 17 78 57 17 4 93 53 24 27 0 39 29 90 
81 5 74 92 10 55 64 95 7 58 39 95 72 79 50 23 4 1 74 71 26 75 43 20 77 47 15 27 81 14 82 26 70 78 14 16 76 59 71 96 31 39 13 27 29 60 2 60 70 61 29 37 69 69 65 30 72 51 57 4 33 61 20 26 90 68 34 58 40 85 7 83 75 14 53 79 43 8 13 34 12 64 56 43 95 41 19 66 20 42 99 48 73 91 13 57 96 30 48 48 
100 75 55 64 22 29 38 41 12 67 17 38 67 38 65 89 75 47 91 70 94 3 61 77 39 37 33 47 49 84 87 8 85 13 59 73 60 90 75 89 74 50 13 14 88 32 93 42 59 68 12 35 6 65 81 39 9 6 32 81 84 78 36 76 10 24 28 47 80 48 25 30 77 98 7 71 48 1 45 8 55 43 100 64 11 91 3 15 74 16 56 4 64 24 55 90 3 73 81 36 
18 51 67 87 62 75 39 54 66 58 88 5 21 6 54 65 29 62 38 42 13 9 85 19 4 15 13 2 82 36 7 83 13 32 92 54 85 46 86 45 73 82 41 20 26 35 19 72 31 24 59 0 68 0 90 77 90 44 55 26 79 16 10 10 8 76 17 72 38 74 58 63 81 69 99 33 76 88 82 97 32 43 56 31 71 70 93 7 81 95 19 19 63 31 41 21 93 69 5 81 
37 73 61 94 29 50 66 50 47 7 56 32 50 27 91 90 78 83 80 20 14 57 65 65 15 20 99 12 27 89 90 94 24 74 3 74 36 15 62 64 39 34 13 65 52 67 68 91 3 3 44 8 71 55 31 84 10 52 60 1 96 93 29 25 10 44 3 5 76 36 77 87 33 49 37 5 18 55 75 4 22 79 69 55 21 60 1 75 94 50 40 91 50 11 27 93 99 67 86 41 
41 84 2 42 91 32 87 100 77 88 1 52 55 80 18 69 53 2 88 31 76 64 1 73 94 51 14 85 47 34 21 1 2 80 57 1 88 45 26 31 89 99 19 19 13 81 48 94 43 82 1 58 19 24 41 63 28 23 80 92 68 68 6 99 56 22 58 49 48 78 74 50 44 8 33 100 35 47 4 98 85 22 24 77 86 64 93 60 50 20 82 47 25 11 84 82 22 86 52 28 
96 29 37 12 23 1 99 98 25 47 28 55 48 17 8 40 74 54 39 66 24 47 92 16 79 81 20 12 48 62 41 41 49 71 60 42 98 96 61 66 29 29 81 39 90 18 65 42 20 19 42 83 94 47 40 7 43 46 0 12 71 7 43 36 93 99 33 0 7 55 79 70 14 71 30 40 84 84 17 66 18 69 98 73 32 7 26 89 27 19 74 15 74 9 45 88 51 20 72 27 
30 95 93 34 17 45 79 60 80 90 59 54 8 70 8 10 89 9 8 41 8 21 83 92 2 4 34 73 16 73 40 43 59 16 33 42 12 11 22 38 17 33 42 5 33 68 99 20 28 80 13 49 1 89 20 5 2 79 82 59 50 58 94 19 74 73 25 80 87 51 79 93 36 86 76 35 42 81 42 4 63 52 84 99 90 83 54 43 10 19 48 96 61 50 66 36 18 6 27 46 
62 60 26 92 83 82 51 61 24 38 47 37 7 91 75 4 68 47 49 29 79 35 89 22 61 92 98 24 79 20 79 44 44 62 23 59 59 89 61 0 36 96 72 93 23 10 99 12 39 24 14 10 7 10 46 51 52 7 94 39 48 95 79 89 6 33 65 79 4 81 70 0 30 78 40 61 88 16 39 40 59 99 84 84 84 6 92 37 8 21 66 71 63 16 96 44 92 49 81 47 
28 19 42 41 40 34 93 79 12 74 49 21 68 6 97 70 26 31 53 52 39 42 16 91 32 3 54 0 33 24 4 54 74 3 68 72 40 74 38 7 22 25 27 33 84 57 58 14 17 43 71 26 22 44 28 51 45 94 94 35 37 15 95 68 100 48 9 58 70 40 76 46 79 77 54 12 97 96 90 10 25 88 13 47 3 74 76 96 47 45 82 44 88 90 13 95 13 46 72 54 
51 80 68 28 72 8 69 11 74 27 38 19 49 17 95 48 25 2 68 93 88 76 73 80 81 87 45 64 10 94 32 87 30 19 28 56 66 7 24 26 68 66 27 53 95 75 10 91 39 13 63 47 76 41 61 95 9 68 67 100 2 24 49 39 66 71 91 25 89 64 29 38 97 68 0 89 23 94 57 83 92 5 57 45 54 53 96 16 32 10 62 3 4 85 14 99 23 29 67 23 
67 1 21 49 3 99 66 98 47 11 2 89 28 69 20 7 81 61 32 15 33 73 35 3 79 46 15 52 67 0 47 5 91 95 50 56 26 83 25 32 78 43 71 33 2 97 78 81 62 4 4 79 33 26 26 75 75 39 26 15 55 33 84 21 81 61 11 77 57 38 72 67 74 79 14 98 20 50 98 58 3 70 93 37 68 55 82 4 17 72 6 94 58 1 98 86 75 56 83 70 
28 42 46 26 100 73 29 79 72 73 60 3 17 63 17 50 51 24 83 86 65 28 58 7 40 18 9 20 57 51 0 84 96 81 56 60 19 97 94 63 84 20 20 16 62 95 87 66 80 14 31 36 45 10 24 78 22 83 25 58 14 39 70 80 94 38 16 38 14 12 44 21 96 32 43 30 96 96 78 5 73 30 96 39 9 27 92 54 73 47 95 25 81 29 55 23 72 85 86 86 
87 60 19 56 25 92 40 63 40 100 53 33 33 2 5 85 95 78 62 63 19 19 92 84 49 54 77 48 16 86 38 45 23 54 53 41 76 29 30 67 3 62 62 87 75 5 11 88 69 7 63 13 23 77 53 20 59 63 38 24 51 75 17 0 32 88 53 54 14 25 53 16 57 98 35 46 50 20 72 98 47 12 79 61 75 66 37 13 53 37 45 4 100 45 22 13 51 41 25 41 
50 51 29 83 15 15 9 67 33 74 52 32 63 32 52 77 86 14 94 9 77 64 59 28 33 11 71 26 92 4 63 39 57 78 96 14 97 68 87 92 40 17 51 59 94 0 98 32 49 8 66 61 22 54 70 67 96 74 2 19 41 68 98 0 91 61 0 86 81 58 29 89 82 28 62 26 7 41 96 1 86 60 31 76 42 44 80 22 95 31 4 51 76 43 6 90 34 68 9 62 
35 21 81 19 23 53 55 61 89 82 90 88 25 90 61 22 32 39 6 22 80 20 1 17 76 61 95 78 80 92 40 90 31 57 31 71 95 6 7 72 24 40 31 80 5 19 16 24 39 60 68 0 79 94 96 52 21 86 10 32 84 95 87 97 100 38 83 17 10 19 18 46 92 85 35 30 63 54 40 12 21 62 7 91 75 12 96 54 100 29 41 40 89 7 7 44 61 2 22 52 
51 0 91 21 71 14 38 57 72 94 78 83 75 92 27 83 4 23 44 73 98 50 77 0 88 32 68 34 8 18 23 36 79 75 52 2 1 92 37 85 31 40 44 25 65 55 58 99 13 85 8 83 36 44 19 60 42 39 54 34 57 17 44 66 81 91 77 76 26 69 98 81 78 46 54 11 34 82 26 33 29 80 16 36 24 20 87 20 96 81 2 60 3 51 100 63 82 69 33 18 
78 89 87 41 4 95 63 34 0 75 79 68 4 64 30 80 89 69 9 2 57 9 84 52 69 91 74 96 62 83 67 90 49 44 0 8 39 19 73 81 25 11 27 26 73 1 80 41 73 26 88 27 32 59 19 31 46 38 53 3 96 4 17 83 33 72 44 82 50 57 51 75 61 66 100 39 80 42 14 12 23 76 80 72 83 92 5 69 72 46 52 73 25 2 71 62 74 46 29 77 
61 79 85 8 32 25 82 2 22 47 1 53 33 95 60 33 48 22 79 45 77 13 83 90 75 29 39 96 57 57 90 52 30 72 70 21 41 42 86 19 50 47 6 14 42 16 68 4 66 51 66 91 60 30 42 26 93 96 91 4 45 16 18 41 45 79 6 22 5 0 23 92 9 41 82 72 5 100 63 85 25 89 98 4 14 77 73 85 53 47 65 76 75 39 80 21 26 80 88 11 
46 93 22 50 58 13 17 96 25 18 43 0 0 75 73 33 77 52 42 86 8 46 92 61 42 2 95 39 54 71 44 70 88 84 92 2 79 0 97 63 38 82 8 54 0 14 95 48 43 20 77 63 27 64 61 37 18 48 53 34 43 70 81 15 42 73 30 39 46 68 37 32 63 89 99 86 2 29 44 57 59 16 73 94 24 0 75 86 36 91 4 27 91 54 13 91 84 53 62 53 
6 49 4 84 42 1 12 73 11 62 39 93 26 42 83 30 30 80 96 56 58 80 67 74 17 38 31 29 90 74 83 84 72 2 32 35 34 57 90 17 10 87 60 79 95 31 75 69 98 85 64 79 93 100 74 99 59 50 21 33 24 66 89 97 35 2 70 42 41 55 57 12 8 87 96 21 60 79 86 75 16 33 0 31 39 50 59 29 99 29 1 11 28 6 1 91 74 45 92 95 
28 72 10 77 39 71 39 4 34 0 11 6 35 2 89 5 69 11 38 8 32 44 27 38 29 32 45 6 87 42 5 95 60 3 31 19 61 64 78 94 6 87 74 47 6 51 33 85 87 10 29 82 82 85 16 69 45 17 72 58 99 87 26 7 38 64 30 64 13 12 32 47 96 33 37 27 83 37 30 44 0 78 78 95 91 57 96 53 12 67 87 35 15 71 34 64 78 88 16 50 
18 34 4 48 7 42 98 91 10 58 70 27 79 34 73 66 56 35 96 61 24 5 58 81 55 41 26 19 98 40 42 61 63 75 0 14 41 33 60 27 4 79 33 71 33 38 86 13 16 75 41 4 52 35 76 57 86 84 10 36 6 80 73 96 62 77 48 45 68 3 46 99 61 80 79 36 39 61 47 17 62 47 78 83 83 17 90 69 75 13 1 85 29 71 46 69 11 34 81 77 
46 68 33 69 44 9 62 76 14 55 87 58 48 76 58 10 63 95 20 81 97 70 1 90 37 65 68 83 86 43 70 24 85 48 71 15 100 42 82 10 14 76 76 72 59 83 69 49 29 9 89 16 24 18 41 37 92 65 46 69 31 68 4 40 4 68 64 6 11 78 19 11 76 13 29 27 56 45 76 42 21 11 41 69 70 80 64 11 26 61 17 45 72 55 85 1 20 45 46 92 
16 28 90 28 73 61 75 67 73 65 50 54 25 27 83 79 80 3 69 30 8 94 59 61 60 50 97 20 3 72 7 57 48 20 14 35 67 61 25 15 33 3 43 2 43 88 91 86 60 61 17 36 65 5 33 8 70 53 11 2 16 60 38 58 8 62 93 43 48 47 36 91 20 57 41 71 24 27 96 4 6 39 62 9 70 20 17 84 57 47 88 22 36 11 69 6 78 74 4 0 
87 97 78 79 52 37 78 34 5 58 44 50 31 50 77 52 10 18 88 52 4 70 78 0 90 63 77 20 8 59 90 79 66 27 5 13 72 24 24 93 86 98 54 94 36 74 87 17 55 17 37 82 61 45 14 74 91 55 4 87 88 76 56 97 16 70 59 54 48 68 86 83 23 10 99 12 39 6 6 36 97 82 37 44 70 47 78 22 70 75 14 23 71 68 15 44 15 33 19 94 
87 42 4 79 64 8 24 52 80 22 89 54 66 36 65 35 87 53 39 11 61 2 77 80 41 31 58 45 56 19 70 98 49 93 27 32 16 82 30 5 93 55 19 76 93 27 53 89 48 62 51 84 32 8 82 61 16 91 24 61 65 46 94 43 47 21 79 80 33 36 91 22 23 32 22 19 70 61 61 47 72 58 13 19 21 67 28 19 84 51 32 34 86 9 69 0 48 66 65 89 
14 58 92 68 1 68 25 94 78 80 3 86 45 68 3 23 15 43 88 20 11 77 6 86 62 53 64 9 13 35 95 11 75 49 20 67 79 74 34 45 70 86 14 9 77 69 96 48 34 93 34 89 80 98 80 75 17 67 15 23 17 97 14 34 22 77 1 87 90 14 92 45 19 15 93 39 73 85 7 59 27 34 7 7 19 86 61 95 61 34 76 29 69 39 48 69 21 82 53 70 
78 39 34 100 88 97 41 55 95 17 83 11 18 4 79 63 16 53 67 9 32 98 22 42 92 38 70 18 84 82 14 59 40 9 86 39 54 16 44 6 38 54 68 14 7 60 5 54 51 52 78 88 21 78 79 36 60 65 44 67 68 1 41 54 28 56 55 0 72 99 88 33 28 81 33 73 81 90 85 84 16 6 39 6 74 100 37 29 1 31 16 79 48 53 48 58 88 34 7 32 
38 57 17 34 67 9 12 52 75 33 57 67 40 49 57 97 99 21 19 55 25 64 23 100 33 42 28 45 20 15 77 74 100 66 14 34 28 77 1 45 39 74 91 24 22 42 18 53 35 21 87 63 81 55 93 66 1 33 12 36 76 49 90 90 61 78 94 92 64 92 3 22 71 89 69 33 84 13 88 66 40 96 89 89 26 26 90 84 11 72 21 65 63 44 20 95 17 49 10 94 
54 28 45 36 12 45 75 27 87 6 93 60 16 3 17 0 1 52 26 62 49 3 26 24 24 34 78 12 81 83 64 14 0 77 13 74 56 71 74 2 14 1 26 85 12 37 47 6 87 92 83 68 79 69 64 54 31 21 65 18 6 31 92 57 88 65 61 60 63 72 78 10 66 82 86 71 39 96 99 34 14 28 11 73 78 8 43 63 33 93 5 65 88 24 20 70 24 19 2 100 
73 13 23 63 31 65 4 96 7 21 75 10 12 4 64 13 74 56 18 19 48 88 87 89 99 8 49 17 44 52 65 79 41 54 63 72 69 72 97 52 77 95 22 22 33 85 21 80 95 82 26 37 78 18 16 4 95 64 99 7 62 40 44 62 84 86 48 65 65 4 23 77 50 99 28 70 41 5 74 71 71 12 16 2 46 21 53 5 88 21 53 65 61 20 52 8 91 4 72 29 
84 91 94 92 93 7 69 100 52 28 4 33 83 13 41 45 2 58 90 38 37 42 93 83 18 80 44 100 27 54 14 52 72 71 28 39 72 43 46 29 34 84 60 98 67 50 78 68 78 5 54 57 4 7 83 91 11 93 26 98 48 68 82 80 88 54 64 56 2 61 31 80 40 15 92 72 7 38 6 61 27 6 23 68 70 76 47 88 65 14 85 14 68 30 96 17 27 20 18 3 
100 92 42 15 59 92 18 46 35 70 77 100 31 32 56 99 88 8 66 87 18 41 97 74 45 69 33 86 11 31 88 34 28 74 79 86 93 52 77 45 40 44 64 35 52 9 54 71 86 61 89 47 49 56 17 47 45 49 44 5 87 48 28 25 66 19 41 30 78 61 54 31 59 16 89 61 74 16 48 17 82 76 81 43 56 77 66 87 89 38 90 0 21 27 8 35 84 75 57 45 
80 39 74 34 44 23 100 0 52 61 69 34 97 2 76 52 54 9 25 70 78 10 47 67 24 68 12 26 52 33 56 86 29 46 51 91 25 92 45 51 79 5 41 70 55 81 54 7 5 100 86 7 97 58 5 44 16 9 93 60 92 25 37 80 95 40 92 2 48 8 56 52 72 65 57 81 82 41 77 59 28 31 58 8 7 49 57 32 97 60 4 61 93 95 69 86 15 20 82 53 
18 51 9 18 14 70 69 44 64 30 21 58 37 60 16 87 75 73 89 100 5 97 85 19 67 9 79 3 53 42 1 19 73 34 65 65 31 45 64 65 66 5 8 72 100 53 0 23 38 22 62 64 35 53 16 63 99 53 94 9 64 96 19 57 67 86 69 63 12 14 54 39 21 98 98 55 78 47 54 51 55 38 80 99 32 0 7 100 75 33 82 52 60 20 98 47 90 1 65 90 
29 74 10 98 71 25 37 92 59 61 1 10 12 7 57 94 96 26 26 31 29 27 10 93 91 47 79 17 57 50 86 91 81 98 29 99 41 44 17 22 99 69 14 51 88 10 11 83 63 26 6 69 86 37 63 40 74 19 8 67 18 33 90 2 88 76 53 35 66 72 24 78 90 29 45 73 5 17 30 72 96 38 89 88 84 24 79 16 65 39 0 28 73 91 48 44 53 67 62 22 
92 0 7 60 37 12 93 56 47 2 13 70 39 54 47 71 66 28 80 46 44 46 73 29 76 75 92 11 61 54 71 85 42 29 38 87 40 14 81 5 43 75 32 86 48 95 94 42 22 5 34 69 3 36 34 63 99 19 63 28 51 93 42 55 60 60 47 6 54 44 93 17 83 59 16 0 72 90 30 60 87 90 35 84 87 43 75 16 36 61 33 34 57 3 62 4 0 73 36 10 
82 35 93 12 46 47 52 41 28 99 97 17 99 77 35 33 90 3 31 58 9 71 74 100 94 80 80 96 41 52 64 63 41 94 23 62 26 48 51 50 61 46 22 35 13 85 55 89 93 89 8 33 74 80 25 68 88 26 6 15 31 85 1 16 75 91 31 90 54 58 41 26 92 85 31 69 61 0 18 55 70 73 85 86 0 11 87 52 3 87 64 31 67 39 36 54 60 26 44 83 
28 13 49 15 70 38 25 8 3 96 75 19 92 68 47 64 51 68 85 55 18 60 48 4 47 84 80 41 90 55 80 40 29 64 74 35 69 83 98 72 34 85 87 59 83 42 89 84 47 20 46 38 57 17 62 75 17 37 34 36 92 73 94 8 63 81 40 60 88 81 92 68 49 30 75 10 77 45 39 12 98 24 67 79 47 52 19 7 84 64 96 9 75 28 88 2 70 98 16 67 
3 16 85 84 50 88 76 36 32 41 63 24 87 22 59 10 63 29 7 1 96 9 50 92 6 100 45 88 36 82 55 36 79 90 35 34 39 72 48 76 4 19 59 62 76 61 47 26 51 96 22 53 52 32 66 13 1 30 40 94 23 61 99 61 84 11 49 24 79 19 0 10 58 82 77 2 96 93 68 66 66 84 67 80 68 28 99 21 44 35 38 48 80 97 24 50 87 78 67 41 
65 83 19 51 83 56 0 61 13 91 20 38 16 37 78 21 89 40 1 65 30 57 42 97 45 0 73 59 65 50 22 50 66 95 41 85 6 38 49 33 69 1 82 11 20 96 29 27 36 1 71 49 63 3 89 83 88 15 80 12 78 5 86 54 27 48 81 38 25 97 34 50 77 37 64 100 78 71 86 12 63 93 18 55 88 43 65 71 98 3 70 69 66 46 18 36 23 11 57 27 
60 65 61 10 24 82 29 89 56 56 5 26 24 0 81 91 44 79 35 19 34 4 7 28 37 100 60 17 63 72 0 85 25 5 69 20 92 100 30 65 19 100 82 46 95 43 41 97 9 28 14 55 63 62 42 77 97 94 57 40 55 97 26 85 36 93 32 51 15 1 88 62 41 92 42 39 35 32 64 69 17 24 52 52 83 9 26 7 45 50 33 41 14 97 39 92 55 82 19 68 
23 2 38 96 78 62 7 11 11 96 16 94 36 35 76 67 62 30 78 79 80 5 50 82 15 91 66 83 2 31 89 3 2 96 87 72 7 38 93 34 35 83 92 29 62 86 76 20 5 98 33 56 32 52 73 71 19 28 53 96 50 34 36 85 100 90 41 55 93 60 43 29 91 46 26 47 59 72 53 30 78 89 85 60 80 64 89 73 7 66 12 23 78 100 48 29 38 75 35 25 
19 23 2 99 83 88 99 65 39 58 69 5 0 15 95 71 62 41 35 15 34 5 2 8 95 61 92 11 27 98 15 63 86 75 45 56 89 56 29 60 61 47 19 20 29 94 38 28 18 96 71 35 43 74 9 19 87 64 38 22 97 86 31 7 98 95 39 32 89 91 11 22 86 41 38 90 95 29 49 28 80 54 73 19 39 23 45 68 69 26 37 52 92 70 0 71 13 67 33 58 
10 79 94 45 91 71 37 18 58 78 45 70 49 24 87 23 13 88 8 28 91 44 32 53 62 27 70 96 64 22 80 23 69 41 9 37 18 89 89 24 98 41 75 68 6 84 46 94 90 34 40 30 1 29 44 33 57 29 85 53 83 73 9 33 98 62 80 51 63 63 32 86 24 100 82 94 4 79 35 58 41 47 67 64 14 5 0 61 20 47 6 17 6 42 47 84 33 12 7 55 
30 43 13 36 81 5 56 65 73 68 18 81 10 88 0 32 84 79 6 16 51 33 66 19 50 96 51 93 100 14 11 76 95 78 56 59 27 36 12 72 83 95 7 51 18 24 9 85 17 67 17 17 99 99 94 93 22 38 74 88 84 67 9 56 24 57 31 62 42 25 69 61 58 99 36 49 58 69 75 29 32 16 54 73 81 48 5 87 91 16 58 49 72 85 92 82 100 80 92 0 
16 44 11 69 17 74 0 24 13 71 93 2 85 39 10 16 84 31 73 51 57 45 27 4 0 20 16 100 38 17 36 43 21 67 99 17 92 13 21 29 69 39 87 15 97 19 36 19 32 32 70 7 93 51 9 9 50 26 45 69 83 66 89 49 87 58 45 14 5 22 7 32 14 60 68 21 74 52 40 75 15 98 96 67 63 33 54 9 74 36 20 8 44 90 90 59 59 76 22 88 
96 46 18 45 43 83 29 47 90 74 69 26 10 7 21 56 89 25 3 76 2 100 31 39 72 69 89 63 59 79 30 17 80 43 81 8 48 88 80 7 12 61 46 85 69 89 17 14 28 7 51 14 83 87 93 41 24 62 85 50 83 19 81 91 57 38 37 84 59 62 27 61 63 45 46 55 2 75 70 42 22 98 20 69 7 44 76 7 58 87 84 26 16 97 32 6 95 84 55 39 
91 70 65 22 60 98 33 64 83 74 34 25 20 83 20 6 73 80 24 78 94 42 97 9 3 44 37 23 98 91 36 11 33 4 29 12 30 74 53 33 15 0 79 25 12 5 60 89 34 78 81 7 81 84 1 11 78 11 82 46 84 49 87 15 23 14 83 78 42 57 99 5 76 29 88 73 56 50 73 42 24 43 73 65 90 62 7 65 92 16 90 49 49 75 81 60 29 74 3 96 
86 83 85 21 32 100 57 74 3 9 42 1 61 41 71 65 76 70 4 44 85 2 31 9 88 86 52 34 37 82 69 18 76 29 90 83 55 24 42 76 16 36 42 53 84 27 30 94 73 85 89 10 0 82 2 64 89 94 15 52 63 53 40 54 99 14 12 90 62 37 23 59 28 33 25 50 1 50 6 71 84 8 20 98 41 82 12 5 96 53 20 75 100 24 38 27 31 10 2 32 
84 91 40 18 20 90 95 51 16 61 68 56 36 56 81 73 1 7 29 43 3 73 64 33 12 48 24 94 20 31 87 56 89 14 89 21 29 36 87 12 46 46 11 39 39 54 56 99 90 27 33 76 5 45 67 93 0 14 58 94 24 89 86 70 57 99 34 23 32 69 19 68 84 96 77 86 39 71 99 2 62 84 77 72 60 16 12 56 79 57 44 14 8 34 24 48 19 10 13 49 
28 56 70 32 51 91 32 60 82 84 38 63 5 96 69 15 51 76 49 6 8 3 57 42 37 61 36 46 49 81 66 73 42 78 84 13 6 15 14 86 19 29 40 25 39 90 44 81 44 51 86 65 98 28 27 95 12 30 74 12 39 27 53 37 23 96 10 31 8 78 6 46 3 82 17 29 71 65 83 10 29 26 56 30 13 52 58 77 17 16 13 77 57 5 43 32 2 87 78 67 
76 14 73 37 36 85 63 36 100 58 49 54 78 23 84 27 71 46 64 7 4 19 66 92 100 30 83 61 92 94 6 10 73 27 38 2 32 37 76 1 94 49 7 70 29 22 87 27 41 69 19 65 4 51 47 0 98 51 8 86 58 88 54 93 26 79 23 98 85 22 20 62 14 69 35 67 48 15 17 29 33 73 23 86 77 64 50 31 41 77 98 27 19 8 25 78 94 21 94 84 
72 93 65 76 26 25 38 22 93 90 76 67 24 13 78 53 58 53 52 45 67 41 27 53 5 52 61 69 49 14 0 35 80 9 72 96 95 100 21 16 78 32 86 39 86 93 9 32 0 8 87 72 71 34 31 100 85 65 36 90 14 35 34 83 93 66 24 11 75 50 62 32 53 55 34 11 89 94 49 22 47 20 13 92 39 53 28 19 91 27 63 61 68 36 75 63 2 77 56 22 
98 86 50 66 96 41 13 0 7 12 93 38 69 16 82 6 74 14 80 42 86 23 46 69 37 50 85 69 43 70 47 91 81 59 89 73 64 99 39 18 22 26 55 6 90 83 91 13 11 55 76 93 66 84 38 48 39 10 83 6 70 88 46 91 46 16 39 68 82 48 45 68 57 72 63 61 97 88 64 30 1 86 18 29 43 20 70 58 7 42 46 88 7 10 18 30 62 51 92 9 
58 93 2 20 96 64 12 88 66 52 69 59 44 81 12 70 19 13 65 38 32 6 36 23 62 31 38 15 55 2 32 28 23 34 89 40 12 77 2 36 78 28 71 36 38 48 89 1 56 15 28 79 28 37 1 98 77 100 86 13 2 60 80 14 33 16 59 16 98 22 1 11 82 47 9 90 90 100 47 14 62 44 22 22 92 90 29 38 7 59 92 2 35 47 5 58 27 48 3 73 
31 12 47 79 39 96 31 62 3 82 77 45 46 90 78 18 100 66 53 89 34 55 93 12 21 45 40 8 23 98 62 28 53 97 35 2 62 32 50 100 22 44 65 56 23 10 75 97 99 75 31 7 75 14 45 23 0 16 86 17 96 14 55 67 93 84 77 67 75 97 40 14 14 30 82 56 10 46 85 68 12 12 25 87 72 77 29 97 2 38 70 8 25 60 91 67 97 16 96 8 
24 85 54 2 39 27 74 69 72 39 13 9 97 69 79 57 93 7 72 28 17 56 7 49 93 80 31 30 99 88 85 71 41 74 25 63 45 15 66 65 29 23 60 2 81 37 22 26 30 40 37 40 66 85 98 80 72 76 13 9 52 21 97 53 94 57 47 7 100 37 73 27 39 79 3 56 11 0 84 44 43 24 68 44 1 33 55 85 5 29 11 9 84 17 40 13 46 93 81 26 
13 98 94 12 86 23 71 56 38 93 23 78 43 88 10 23 51 31 91 7 61 36 49 99 53 40 63 26 73 81 48 60 58 31 71 63 77 44 81 27 0 78 40 93 41 74 93 65 61 38 48 6 0 64 85 13 49 71 45 9 60 7 36 29 96 53 29 84 58 40 29 72 41 84 33 88 97 50 32 65 20 78 80 43 83 2 68 69 81 68 7 9 60 10 38 23 89 11 96 49 
31 83 9 33 76 28 17 18 24 43 85 73 25 94 85 35 20 11 29 30 31 52 71 50 63 70 84 79 5 15 25 77 46 65 1 73 38 64 20 56 80 71 52 2 15 3 59 16 34 65 90 74 12 21 69 94 43 19 81 1 73 77 71 3 11 65 81 6 37 46 96 88 53 99 17 6 91 89 29 23 30 18 77 83 29 91 51 93 84 35 41 0 65 76 57 22 70 47 43 1 
28 37 99 88 34 70 11 85 98 63 17 93 92 83 84 94 30 53 48 58 63 76 58 100 100 18 80 70 93 83 3 45 10 17 100 59 63 12 87 5 86 47 79 33 74 10 7 3 24 5 24 16 71 12 72 57 1 79 78 58 29 90 32 36 2 43 38 50 50 56 2 61 7 49 6 0 67 6 82 24 67 35 82 95 79 98 89 22 51 47 32 55 41 7 70 52 53 47 67 12 
72 8 52 50 62 15 97 63 16 48 20 58 73 79 82 36 83 100 33 73 22 3 64 73 43 17 69 64 74 56 98 23 0 51 66 37 7 5 13 92 78 37 28 44 48 63 86 28 16 52 54 19 2 9 12 99 46 43 44 68 77 53 10 51 74 74 8 82 49 59 81 29 46 45 71 91 55 18 94 87 69 61 34 11 69 39 55 18 12 46 31 6 77 16 1 33 44 96 95 7 
95 65 92 8 81 69 25 53 62 54 39 60 80 0 4 64 4 61 43 66 60 3 61 38 82 99 23 10 13 59 73 36 100 70 96 31 84 17 15 12 26 51 50 82 1 83 90 42 93 20 26 56 57 58 64 65 69 27 54 69 53 22 74 77 76 42 14 3 7 71 59 40 22 14 0 16 65 66 92 93 20 36 54 98 71 81 42 17 50 10 17 80 100 9 28 98 86 69 38 31 
16 34 21 22 68 52 33 0 72 43 6 84 78 48 89 52 20 55 0 60 97 44 78 1 74 73 7 83 47 14 3 5 13 25 33 93 31 6 6 30 62 67 20 78 1 1 7 0 90 46 23 39 26 41 87 52 34 77 60 15 15 47 72 37 67 44 31 19 80 94 35 58 97 27 0 4 31 89 60 23 34 31 85 35 16 82 78 65 92 24 25 85 14 82 77 22 73 2 90 99 
44 37 60 83 66 13 75 0 9 49 48 16 46 3 12 13 34 62 44 74 55 61 94 4 62 26 51 57 65 27 13 3 99 36 80 32 25 56 80 68 39 0 94 79 43 34 52 13 64 68 92 28 99 17 33 24 76 36 44 40 42 83 62 59 65 68 53 78 24 38 15 46 54 34 26 9 52 67 0 16 77 36 39 24 22 59 3 72 78 98 27 87 89 90 69 42 24 66 60 94 
27 72 2 56 6 62 52 80 10 57 45 94 50 34 64 83 19 41 57 15 93 19 34 11 97 38 18 94 3 4 88 26 20 37 25 97 96 45 86 20 52 28 9 72 64 36 71 62 85 13 26 88 92 41 10 45 69 100 18 22 92 1 45 21 41 84 32 61 20 61 1 93 92 46 99 41 11 6 21 99 4 81 4 86 49 81 58 21 48 4 81 14 9 66 57 88 70 42 22 23 
87 52 89 56 41 15 18 0 10 13 90 67 47 33 37 59 99 31 64 87 28 62 52 54 4 12 94 30 37 46 29 80 87 78 5 91 65 39 56 100 61 16 66 9 36 13 46 7 20 19 46 78 14 97 15 43 48 46 7 74 42 64 34 20 89 31 23 1 66 19 92 69 84 8 8 86 47 5 74 99 85 50 74 15 52 58 92 82 39 19 64 99 8 23 99 60 92 11 73 13 
15 96 96 4 31 89 79 41 64 93 0 6 34 58 49 10 52 7 45 91 10 19 30 88 99 76 78 4 55 7 97 34 22 67 77 53 87 59 64 97 55 96 54 71 2 42 14 87 64 34 82 72 55 49 59 40 84 1 14 85 41 43 66 48 20 98 75 41 94 100 64 29 56 38 40 56 67 65 56 28 49 97 38 21 9 35 42 55 76 90 36 69 58 59 52 38 11 37 26 20 
86 51 81 60 98 79 14 33 24 19 29 76 51 19 89 13 30 64 48 92 99 2 71 2 19 16 96 91 79 3 14 77 69 88 45 41 19 92 13 39 1 62 62 16 92 55 13 47 47 12 10 21 23 24 71 28 40 97 52 20 87 71 89 48 39 33 97 56 2 76 74 92 1 82 37 8 77 14 14 15 22 49 79 65 24 67 38 54 80 11 79 73 12 95 14 68 83 14 82 70 
80 43 61 59 57 18 10 26 23 44 41 90 92 45 61 55 22 44 66 80 16 67 28 23 24 2 72 46 58 93 68 85 38 75 83 75 64 42 37 75 87 47 81 79 54 66 78 85 10 62 25 87 17 27 27 90 19 31 98 34 13 77 42 28 87 77 32 67 62 100 99 88 44 54 54 60 21 64 63 60 91 26 82 93 40 82 44 8 2 2 67 47 1 23 44 28 91 26 46 31 
7 1 35 1 45 64 76 58 97 99 79 77 16 84 47 40 28 32 47 16 64 94 76 65 31 35 86 62 8 69 55 10 47 19 56 66 29 0 95 22 73 62 87 3 97 80 58 6 87 19 87 63 84 63 83 62 93 8 37 88 26 19 13 76 74 72 28 20 96 47 66 96 59 53 64 65 91 41 54 63 97 84 2 3 58 41 71 37 57 86 38 42 52 17 80 86 40 68 92 33 
34 21 10 45 23 58 13 89 57 23 100 93 38 2 75 5 48 68 68 24 33 0 41 88 19 18 47 71 45 53 96 73 4 0 9 60 68 13 82 61 48 91 18 83 42 2 14 84 10 55 83 95 16 90 58 46 43 100 46 52 3 32 93 10 91 30 56 94 98 46 100 84 98 23 3 89 83 10 84 22 69 96 74 44 34 27 69 41 64 10 99 31 64 58 63 76 57 95 15 95 
33 43 43 2 95 83 35 60 37 48 35 52 75 95 90 60 45 88 13 56 31 69 3 48 34 61 56 71 96 21 8 21 43 57 27 36 22 100 60 24 45 68 90 76 58 29 4 54 55 39 57 74 4 5 70 64 26 31 65 28 20 32 28 54 26 69 54 2 89 74 89 78 46 29 84 83 75 99 36 75 42 97 65 50 98 89 81 35 96 53 67 67 28 7 36 7 13 84 10 25 
71 17 23 79 14 94 67 50 60 61 56 8 18 21 75 87 94 89 14 39 61 98 42 49 95 96 28 37 69 66 83 41 81 70 16 41 97 60 58 86 6 12 12 19 55 12 36 55 80 58 83 94 27 43 80 40 53 71 4 7 13 1 86 43 2 96 99 26 29 71 91 68 13 62 33 54 26 69 57 60 46 15 92 50 19 0 1 77 30 77 1 100 18 50 78 30 41 72 92 21 
52 63 44 78 92 30 5 81 97 40 30 4 60 7 37 42 48 31 25 99 35 82 37 53 11 4 100 14 87 1 67 4 7 19 36 11 78 23 88 31 90 66 33 53 87 83 97 82 75 97 98 89 86 12 73 42 10 96 7 7 7 43 20 35 42 84 28 11 30 100 95 35 45 33 72 68 44 81 50 18 87 52 10 15 84 77 55 32 39 10 0 84 84 53 92 97 46 64 67 46 
93 15 67 86 24 63 80 89 88 44 2 83 36 43 95 81 12 96 30 73 34 30 19 29 49 27 18 9 72 44 98 17 86 13 35 28 14 96 20 37 0 53 50 84 61 63 68 100 34 72 26 34 23 69 91 34 33 59 11 29 18 39 82 56 2 87 80 72 96 90 12 25 88 88 36 68 76 8 90 59 67 7 7 82 37 60 83 32 17 43 36 93 85 58 94 93 14 75 5 81 
95 23 58 81 36 67 41 18 68 98 5 93 25 2 73 2 9 55 6 99 38 98 89 30 77 56 77 61 17 8 18 23 52 51 78 87 1 78 83 43 1 23 46 33 46 53 82 34 64 26 1 28 26 22 2 82 87 35 91 9 35 21 49 93 42 78 74 89 20 9 9 85 13 56 98 90 48 40 61 25 53 20 7 58 24 32 48 37 26 48 50 46 70 72 91 6 14 65 93 32 
54 89 68 81 30 70 62 67 62 57 88 75 51 33 90 55 69 98 56 68 51 91 42 79 49 100 0 74 49 12 6 77 2 68 48 77 38 30 98 77 100 65 70 47 58 23 73 60 9 84 9 66 77 40 66 76 25 3 44 41 42 51 90 85 75 100 21 28 71 36 1 100 10 9 13 13 54 23 94 13 17 55 68 34 97 33 23 18 76 4 4 79 26 30 0 33 64 17 96 56 
62 62 48 19 12 49 55 0 35 17 17 28 61 4 11 68 89 54 98 34 59 96 31 51 47 23 41 59 88 27 26 16 52 47 5 63 48 8 82 39 41 46 96 50 20 3 1 86 8 77 31 79 59 38 95 31 54 73 39 86 99 57 3 3 24 44 1 33 85 27 4 85 31 30 65 53 98 83 3 58 14 12 23 98 82 63 100 57 87 47 82 66 65 50 55 92 69 90 6 42 
84 86 82 74 82 40 30 68 36 98 17 63 81 89 42 93 74 82 58 75 1 58 24 11 89 18 99 35 31 77 32 96 6 17 63 78 58 3 88 15 44 73 80 30 72 8 72 39 93 9 16 25 86 37 82 78 44 42 46 26 7 33 34 11 5 25 92 49 100 70 24 0 71 1 64 56 11 24 8 55 21 96 87 73 45 36 37 36 84 86 87 36 81 93 50 67 18 53 32 78 
